3025.0 520.0 4910.0
2945.0 447.0 4910.0
3040.0 287.0 4890.0
3090.0 330.0 4860.0
3030.0 287.0 4820.0
2940.0 370.0 4850.0
2935.0 395.0 4850.0
2930.0 375.0 4855.0
2850.0 360.0 4830.0
2840.0 370.0 4900.0
2920.0 415.0 4940.0
2880.0 375.0 4875.0
2965.0 400.0 4895.0
3145.0 355.0 4825.0
3290.0 482.0 4707.0
3365.0 442.0 4652.0
3465.0 395.0 4642.0
3485.0 395.0 4597.0
3490.0 325.0 4577.0
3500.0 355.0 4632.0
3485.0 325.0 4652.0
3450.0 320.0 4712.0
3445.0 302.0 4652.0
3410.0 355.0 4672.0
3380.0 400.0 4757.0
3335.0 375.0 4762.0
3320.0 422.0 4707.0
3260.0 462.0 4692.0
3280.0 437.0 4692.0
3270.0 477.0 4692.0
3290.0 507.0 4692.0
3280.0 487.0 4652.0
3320.0 477.0 4712.0
3290.0 487.0 4682.0
3360.0 457.0 4707.0
3300.0 432.0 4707.0
3305.0 410.0 4722.0
3250.0 410.0 4722.0
3295.0 410.0 4712.0
3330.0 405.0 4722.0
3345.0 385.0 4717.0
3285.0 395.0 4652.0
3275.0 502.0 4657.0
3355.0 492.0 4642.0
3345.0 422.0 4632.0
3350.0 432.0 4677.0
3405.0 437.0 4687.0
3400.0 472.0 4712.0
3385.0 410.0 4732.0
3360.0 380.0 4687.0
3005.0 1092.0 4642.0
3055.0 995.0 4672.0
3000.0 1030.0 4752.0
2970.0 995.0 4762.0
3090.0 1057.0 4622.0
3115.0 1052.0 4637.0
3000.0 1040.0 4612.0
3000.0 1082.0 4662.0
3065.0 1052.0 4597.0
3105.0 1072.0 4572.0
3100.0 1077.0 4607.0
3090.0 1117.0 4617.0
3075.0 1047.0 4692.0
3080.0 1062.0 4612.0
3005.0 1067.0 4677.0
3015.0 1082.0 4632.0
3085.0 1035.0 4652.0
3050.0 1077.0 4657.0
3060.0 995.0 4617.0
3085.0 1010.0 4602.0
3140.0 990.0 4562.0
3095.0 990.0 4557.0
3115.0 955.0 4612.0
3105.0 1000.0 4617.0
3125.0 945.0 4662.0
3155.0 985.0 4577.0
3030.0 1010.0 4632.0
3010.0 970.0 4687.0
2960.0 960.0 4672.0
2985.0 955.0 4687.0
2980.0 950.0 4692.0
2940.0 955.0 4667.0
2950.0 985.0 4652.0
3015.0 1020.0 4657.0
3060.0 995.0 4697.0
3050.0 970.0 4682.0
3095.0 1040.0 4572.0
3080.0 1072.0 4517.0
3065.0 1042.0 4647.0
3035.0 1097.0 4577.0
3070.0 1077.0 4587.0
3090.0 1047.0 4562.0
3065.0 1047.0 4577.0
3060.0 1040.0 4612.0
3060.0 1077.0 4662.0
3065.0 1047.0 4612.0
3000.0 1030.0 4707.0
3075.0 1025.0 4612.0
3010.0 1062.0 4637.0
3000.0 1020.0 4657.0
2535.0 1385.0 4707.0
2705.0 1317.0 4627.0
2490.0 1250.0 4742.0
2535.0 1277.0 4775.0
2535.0 1257.0 4752.0
2530.0 1287.0 4722.0
2475.0 1245.0 4775.0
2495.0 1240.0 4785.0
2435.0 1200.0 4692.0
2460.0 1312.0 4707.0
2530.0 1380.0 4687.0
2565.0 1415.0 4652.0
2500.0 1405.0 4662.0
2480.0 1352.0 4637.0
2560.0 1312.0 4722.0
2460.0 1257.0 4762.0
2505.0 1307.0 4747.0
2515.0 1277.0 4805.0
2520.0 1235.0 4795.0
2550.0 1287.0 4747.0
2540.0 1327.0 4727.0
2520.0 1322.0 4702.0
2585.0 1292.0 4647.0
2530.0 1332.0 4702.0
2540.0 1272.0 4672.0
2530.0 1277.0 4727.0
2535.0 1277.0 4727.0
2535.0 1250.0 4780.0
2510.0 1302.0 4737.0
2530.0 1272.0 4722.0
2565.0 1297.0 4765.0
2530.0 1292.0 4757.0
2550.0 1355.0 4785.0
2575.0 1360.0 4727.0
2575.0 1347.0 4667.0
2575.0 1380.0 4667.0
2555.0 1400.0 4662.0
2520.0 1385.0 4642.0
2575.0 1370.0 4687.0
2555.0 1360.0 4667.0
2600.0 1370.0 4602.0
2570.0 1370.0 4682.0
2560.0 1405.0 4747.0
2545.0 1370.0 4727.0
2615.0 1410.0 4647.0
2655.0 1440.0 4677.0
2610.0 1440.0 4697.0
2585.0 1440.0 4682.0
2585.0 1457.0 4667.0
2620.0 1467.0 4627.0
1490.0 1230.0 4975.0
1855.0 1287.0 4885.0
1880.0 1292.0 4875.0
1845.0 1322.0 4865.0
1825.0 1287.0 4945.0
1890.0 1272.0 4935.0
1890.0 1312.0 4920.0
1895.0 1277.0 4875.0
1920.0 1302.0 4880.0
1935.0 1332.0 4930.0
1920.0 1327.0 4945.0
1940.0 1380.0 4870.0
1895.0 1355.0 4865.0
1935.0 1342.0 4820.0
1920.0 1297.0 4900.0
1950.0 1352.0 4895.0
1970.0 1400.0 4855.0
1945.0 1347.0 4860.0
1900.0 1307.0 4940.0
1960.0 1415.0 4895.0
1925.0 1347.0 4910.0
1915.0 1375.0 4870.0
1875.0 1352.0 4915.0
1865.0 1385.0 4820.0
1885.0 1395.0 4815.0
1900.0 1395.0 4835.0
1910.0 1457.0 4835.0
1845.0 1370.0 4925.0
1835.0 1415.0 4915.0
1855.0 1370.0 4825.0
1780.0 1352.0 4845.0
1805.0 1375.0 4890.0
1715.0 1370.0 4920.0
1665.0 1302.0 4905.0
1690.0 1327.0 4890.0
1715.0 1360.0 4865.0
1735.0 1365.0 4865.0
1835.0 1532.0 4840.0
1825.0 1410.0 4850.0
1840.0 1467.0 4840.0
1825.0 1435.0 4855.0
1775.0 1455.0 4890.0
1770.0 1400.0 4885.0
1765.0 1385.0 4875.0
1705.0 1390.0 4860.0
1735.0 1420.0 4840.0
1770.0 1477.0 4845.0
1815.0 1477.0 4820.0
1815.0 1472.0 4840.0
1790.0 1457.0 4835.0
1460.0 1347.0 4950.0
1490.0 1307.0 4975.0
1240.0 1215.0 5020.0
1100.0 1185.0 5020.0
1170.0 1210.0 4960.0
1360.0 1307.0 5010.0
1485.0 1307.0 4900.0
1760.0 1522.0 4845.0
1735.0 1477.0 4890.0
1800.0 1527.0 4757.0
1750.0 1477.0 4805.0
1590.0 1390.0 4860.0
1535.0 1332.0 4900.0
1615.0 1692.0 4702.0
1680.0 1667.0 4737.0
1490.0 1410.0 4830.0
1400.0 1385.0 4875.0
1515.0 1492.0 4845.0
1535.0 1487.0 4825.0
1610.0 1482.0 4805.0
1650.0 1507.0 4785.0
1840.0 1590.0 4780.0
1750.0 1600.0 4757.0
1560.0 1717.0 4747.0
1540.0 1712.0 4732.0
1525.0 1752.0 4682.0
1500.0 1775.0 4682.0
1505.0 1762.0 4677.0
1525.0 1780.0 4697.0
1545.0 1780.0 4672.0
1560.0 1850.0 4667.0
1590.0 1805.0 4707.0
1570.0 1850.0 4692.0
1570.0 1860.0 4612.0
1650.0 1897.0 4647.0
1620.0 1897.0 4572.0
1605.0 1870.0 4607.0
1575.0 1830.0 4582.0
1565.0 1805.0 4672.0
1635.0 1870.0 4707.0
1665.0 1860.0 4642.0
1835.0 1985.0 4477.0
1905.0 2010.0 4512.0
1980.0 2000.0 4467.0
1940.0 2050.0 4472.0
1975.0 2087.0 4467.0
1880.0 2045.0 4457.0
1950.0 2010.0 4517.0
1945.0 2020.0 4462.0
1960.0 2020.0 4492.0
1565.0 1877.0 4607.0
1580.0 1907.0 4667.0
1545.0 1917.0 4552.0
1550.0 1855.0 4647.0
1635.0 2025.0 4617.0
1550.0 2055.0 4562.0
1540.0 2015.0 4607.0
1615.0 2142.0 4517.0
1675.0 2087.0 4537.0
1640.0 2045.0 4537.0
1530.0 2015.0 4562.0
1500.0 2030.0 4562.0
1185.0 1825.0 4672.0
1335.0 1980.0 4592.0
1615.0 1967.0 4537.0
1645.0 1962.0 4507.0
1580.0 1942.0 4557.0
1535.0 1912.0 4617.0
1595.0 1952.0 4587.0
1575.0 1937.0 4622.0
1615.0 1937.0 4582.0
1570.0 1947.0 4572.0
1610.0 1967.0 4532.0
1630.0 1972.0 4537.0
1545.0 1985.0 4512.0
1495.0 1937.0 4497.0
1410.0 1912.0 4597.0
1370.0 1892.0 4587.0
1415.0 1932.0 4657.0
1440.0 1887.0 4597.0
1485.0 1917.0 4612.0
1435.0 1932.0 4617.0
1465.0 1927.0 4622.0
1445.0 1947.0 4672.0
1400.0 1952.0 4562.0
1390.0 1962.0 4517.0
1435.0 1927.0 4577.0
1500.0 1932.0 4612.0
1500.0 1887.0 4622.0
1495.0 1902.0 4592.0
1515.0 1870.0 4617.0
1500.0 1810.0 4622.0
1510.0 1825.0 4657.0
1480.0 1775.0 4642.0
1450.0 1767.0 4692.0
1480.0 1800.0 4662.0
1470.0 1752.0 4657.0
1420.0 1707.0 4692.0
1210.0 1697.0 4742.0
1295.0 1727.0 4737.0
1020.0 1820.0 4672.0
1075.0 1985.0 4587.0
890.0 1645.0 4765.0
740.0 1615.0 4742.0
725.0 1590.0 4770.0
730.0 1610.0 4800.0
760.0 1635.0 4810.0
770.0 1660.0 4820.0
780.0 1667.0 4775.0
770.0 1672.0 4765.0
795.0 1677.0 4722.0
800.0 1660.0 4785.0
795.0 1712.0 4805.0
735.0 1707.0 4820.0
790.0 1645.0 4765.0
805.0 1667.0 4800.0
835.0 1667.0 4790.0
785.0 1687.0 4810.0
810.0 1640.0 4747.0
825.0 1630.0 4780.0
770.0 1640.0 4780.0
740.0 1625.0 4805.0
765.0 1635.0 4825.0
760.0 1640.0 4850.0
810.0 1610.0 4785.0
845.0 1562.0 4825.0
835.0 1580.0 4815.0
860.0 1630.0 4770.0
875.0 1655.0 4747.0
925.0 1615.0 4825.0
900.0 1590.0 4835.0
900.0 1640.0 4762.0
885.0 1672.0 4732.0
855.0 1645.0 4800.0
770.0 1645.0 4790.0
780.0 1672.0 4747.0
840.0 1585.0 4770.0
850.0 1605.0 4757.0
820.0 1580.0 4790.0
790.0 1542.0 4875.0
805.0 1477.0 4890.0
825.0 1527.0 4835.0
790.0 1542.0 4840.0
795.0 1542.0 4910.0
790.0 1547.0 4825.0
800.0 1532.0 4845.0
795.0 1595.0 4785.0
765.0 1630.0 4785.0
800.0 1615.0 4757.0
810.0 1585.0 4795.0
495.0 1557.0 4775.0
485.0 1600.0 4805.0
500.0 1522.0 4805.0
475.0 1590.0 4770.0
440.0 1542.0 4830.0
410.0 1552.0 4820.0
415.0 1557.0 4727.0
420.0 1507.0 4765.0
380.0 1547.0 4855.0
380.0 1522.0 4810.0
425.0 1532.0 4840.0
425.0 1532.0 4805.0
460.0 1542.0 4860.0
475.0 1482.0 4855.0
440.0 1497.0 4770.0
415.0 1512.0 4830.0
400.0 1492.0 4747.0
430.0 1522.0 4790.0
385.0 1512.0 4775.0
385.0 1502.0 4795.0
425.0 1507.0 4855.0
420.0 1440.0 4805.0
415.0 1430.0 4865.0
450.0 1405.0 4905.0
425.0 1410.0 4865.0
350.0 1420.0 4905.0
420.0 1445.0 4905.0
425.0 1445.0 4890.0
400.0 1390.0 4850.0
410.0 1370.0 4855.0
405.0 1385.0 4845.0
405.0 1400.0 4860.0
460.0 1400.0 4865.0
415.0 1365.0 4825.0
415.0 1337.0 4885.0
445.0 1317.0 4905.0
445.0 1267.0 4885.0
405.0 1342.0 4895.0
405.0 1322.0 4870.0
370.0 1312.0 4870.0
375.0 1302.0 4920.0
380.0 1347.0 4920.0
465.0 1317.0 4885.0
460.0 1317.0 4850.0
445.0 1355.0 4860.0
345.0 1385.0 4860.0
415.0 1352.0 4870.0
415.0 1352.0 4905.0
440.0 1450.0 4840.0
425.0 1425.0 4880.0
235.0 1762.0 4682.0
260.0 1790.0 4697.0
215.0 1752.0 4702.0
165.0 1757.0 4697.0
65.0 1307.0 4840.0
30.0 1195.0 4965.0
30.0 1170.0 4915.0
10.0 1230.0 4880.0
205.0 1492.0 4790.0
255.0 1547.0 4785.0
160.0 1000.0 4995.0
130.0 1042.0 4960.0
95.0 830.0 5055.0
40.0 760.0 5040.0
155.0 1082.0 4970.0
150.0 970.0 5050.0
130.0 902.0 5025.0
155.0 882.0 5070.0
50.0 1010.0 5010.0
245.0 1455.0 4875.0
55.0 1375.0 4860.0
70.0 1107.0 4950.0
170.0 1057.0 5000.0
175.0 1042.0 5005.0
125.0 1107.0 5020.0
125.0 1077.0 4950.0
110.0 1117.0 4970.0
130.0 1072.0 5000.0
140.0 1072.0 4990.0
130.0 1117.0 5005.0
145.0 1112.0 5015.0
125.0 1077.0 4975.0
115.0 1087.0 4955.0
150.0 1087.0 4930.0
165.0 1117.0 4970.0
175.0 1097.0 5060.0
195.0 1117.0 5010.0
145.0 1072.0 5045.0
160.0 1077.0 4975.0
165.0 1145.0 4980.0
95.0 1145.0 4930.0
120.0 1155.0 4945.0
195.0 1150.0 4945.0
185.0 1165.0 4960.0
180.0 1097.0 5020.0
180.0 1067.0 5000.0
115.0 1062.0 4960.0
155.0 1005.0 5010.0
170.0 1025.0 4970.0
155.0 1035.0 4985.0
-80.0 1835.0 4567.0
-160.0 1875.0 4577.0
-50.0 1165.0 4915.0
-10.0 1165.0 4870.0
-70.0 1240.0 4865.0
-55.0 1272.0 4840.0
-15.0 1347.0 4870.0
-35.0 1282.0 4875.0
-65.0 1322.0 4805.0
-15.0 1370.0 4830.0
-10.0 717.0 5055.0
-15.0 1035.0 4990.0
-50.0 970.0 5025.0
-20.0 1245.0 4880.0
-30.0 1252.0 4915.0
-55.0 1185.0 4860.0
-45.0 730.0 5035.0
-130.0 765.0 5055.0
-115.0 770.0 5045.0
-105.0 800.0 5015.0
-135.0 795.0 5055.0
-90.0 825.0 5015.0
-75.0 800.0 5075.0
-80.0 795.0 4985.0
-85.0 810.0 4985.0
-95.0 857.0 5015.0
-115.0 820.0 4995.0
-105.0 862.0 5030.0
-150.0 872.0 5040.0
-30.0 897.0 5015.0
-80.0 932.0 4985.0
-120.0 830.0 4965.0
-115.0 847.0 4990.0
-10.0 940.0 5000.0
-20.0 907.0 5050.0
-90.0 882.0 5065.0
-60.0 887.0 5015.0
-35.0 872.0 5082.0
-20.0 837.0 5005.0
-85.0 862.0 4990.0
-30.0 852.0 5000.0
-85.0 877.0 5060.0
-65.0 862.0 5087.0
-120.0 877.0 5010.0
-95.0 882.0 5065.0
-95.0 897.0 5000.0
-25.0 912.0 5005.0
-70.0 872.0 5020.0
-60.0 867.0 4975.0
0.0 852.0 5070.0
-150.0 745.0 5132.0
-230.0 775.0 5080.0
-190.0 785.0 5025.0
-175.0 780.0 5087.0
-145.0 780.0 5040.0
-155.0 610.0 5070.0
-270.0 800.0 5060.0
-285.0 820.0 5055.0
-265.0 760.0 5035.0
-260.0 727.0 5020.0
-230.0 755.0 5030.0
-270.0 785.0 4970.0
-215.0 770.0 5035.0
-240.0 755.0 5005.0
-225.0 832.0 5045.0
-225.0 750.0 5020.0
-265.0 740.0 5040.0
-255.0 760.0 5005.0
-255.0 800.0 5020.0
-290.0 805.0 5010.0
-275.0 810.0 4965.0
-250.0 820.0 5035.0
-250.0 832.0 5025.0
-240.0 815.0 4995.0
-240.0 820.0 5025.0
-215.0 825.0 5060.0
-160.0 825.0 5005.0
-170.0 755.0 5065.0
-200.0 790.0 5020.0
-205.0 770.0 5040.0
-245.0 862.0 5020.0
-220.0 832.0 4980.0
-220.0 837.0 5035.0
-165.0 820.0 4995.0
-190.0 842.0 4995.0
-170.0 852.0 5000.0
-200.0 862.0 5025.0
-190.0 912.0 5080.0
-200.0 887.0 5055.0
-220.0 842.0 5015.0
-195.0 857.0 5060.0
-185.0 852.0 5015.0
-200.0 882.0 5025.0
-180.0 852.0 4980.0
-225.0 830.0 5015.0
-200.0 862.0 4995.0
-185.0 820.0 5000.0
-165.0 842.0 5035.0
-170.0 832.0 5050.0
-175.0 825.0 5040.0
-340.0 692.0 5010.0
-350.0 735.0 5020.0
-330.0 775.0 4990.0
-310.0 805.0 5015.0
-290.0 780.0 5020.0
-295.0 677.0 5065.0
-275.0 750.0 5030.0
-820.0 1655.0 4562.0
-725.0 1757.0 4552.0
-755.0 1752.0 4492.0
-865.0 1865.0 4415.0
-875.0 1870.0 4410.0
-1005.0 1882.0 4315.0
-1040.0 1892.0 4290.0
-1040.0 1912.0 4225.0
-985.0 1947.0 4310.0
-1100.0 2065.0 4180.0
-980.0 2122.0 3892.0
-940.0 2172.0 3932.0
-1035.0 2097.0 3882.0
-1070.0 2127.0 3867.0
-1110.0 2132.0 3887.0
-1080.0 2080.0 3882.0
-1135.0 2070.0 3897.0
-1115.0 2082.0 3872.0
-1105.0 2070.0 3922.0
-1120.0 2025.0 3942.0
-1195.0 2087.0 3922.0
-1135.0 2107.0 3837.0
-1185.0 2097.0 3882.0
-1185.0 2102.0 3847.0
-1185.0 2065.0 3827.0
-1180.0 2102.0 3827.0
-1195.0 2137.0 3812.0
-1215.0 2137.0 3877.0
-1240.0 2220.0 3740.0
-1280.0 2230.0 3750.0
-1255.0 2230.0 3735.0
-1230.0 2235.0 3730.0
-1240.0 2210.0 3710.0
-1215.0 2245.0 3760.0
-1170.0 2265.0 3785.0
-1165.0 2210.0 3812.0
-1200.0 2190.0 3765.0
-1180.0 2240.0 3700.0
-1205.0 2240.0 3770.0
-1220.0 2195.0 3730.0
-1240.0 2190.0 3705.0
-1245.0 2225.0 3745.0
-1215.0 2205.0 3720.0
-380.0 550.0 4990.0
-355.0 520.0 5010.0
-415.0 600.0 5005.0
-525.0 682.0 4980.0
-505.0 697.0 5010.0
-880.0 1297.0 4587.0
-1070.0 1415.0 4502.0
-1040.0 1570.0 4537.0
-1015.0 1650.0 4477.0
-945.0 1615.0 4497.0
-1205.0 2055.0 4130.0
-1200.0 1875.0 4067.0
-1190.0 1850.0 4002.0
-1250.0 1932.0 4022.0
-1165.0 2015.0 3947.0
-1190.0 2050.0 3887.0
-1200.0 2050.0 3937.0
-1190.0 1995.0 3862.0
-1215.0 2035.0 3770.0
-1280.0 2152.0 3805.0
-1240.0 2142.0 3780.0
-1310.0 2205.0 3730.0
-1475.0 2035.0 3705.0
-1445.0 2117.0 3745.0
-1420.0 2112.0 3695.0
-1390.0 2187.0 3625.0
-1395.0 2147.0 3665.0
-1335.0 2220.0 3645.0
-1440.0 2187.0 3630.0
-1435.0 2152.0 3635.0
-1385.0 2177.0 3695.0
-1330.0 2177.0 3740.0
-1340.0 2210.0 3735.0
-1360.0 2167.0 3680.0
-1325.0 2157.0 3720.0
-1300.0 2187.0 3690.0
-1305.0 2200.0 3700.0
-1395.0 2177.0 3705.0
-1410.0 2187.0 3715.0
-1410.0 2260.0 3660.0
-1460.0 2250.0 3655.0
-1365.0 2230.0 3660.0
-1365.0 2285.0 3590.0
-1405.0 2195.0 3625.0
-1395.0 2210.0 3625.0
-1410.0 2220.0 3640.0
-1415.0 2187.0 3660.0
-1390.0 2210.0 3650.0
-1425.0 2225.0 3655.0
-1415.0 2225.0 3705.0
-1700.0 1902.0 3710.0
-1785.0 1892.0 3635.0
-1795.0 1825.0 3590.0
-1750.0 1855.0 3650.0
-1775.0 1835.0 3645.0
-1795.0 1865.0 3625.0
-1845.0 1805.0 3645.0
-1825.0 1835.0 3670.0
-1895.0 1742.0 3695.0
-1890.0 1752.0 3710.0
-1805.0 1855.0 3745.0
-1815.0 1855.0 3645.0
-1770.0 1805.0 3650.0
-1780.0 1820.0 3620.0
-1830.0 1800.0 3675.0
-1780.0 1815.0 3660.0
-1815.0 1785.0 3640.0
-1865.0 1770.0 3640.0
-1805.0 1780.0 3710.0
-1800.0 1810.0 3750.0
-1800.0 1795.0 3660.0
-1785.0 1805.0 3670.0
-1785.0 1805.0 3680.0
-1815.0 1875.0 3705.0
-1765.0 1805.0 3660.0
-1785.0 1840.0 3655.0
-1755.0 1850.0 3665.0
-1795.0 1825.0 3685.0
-1770.0 1835.0 3715.0
-1735.0 1855.0 3730.0
-1770.0 1870.0 3670.0
-1780.0 1892.0 3630.0
-1800.0 1887.0 3615.0
-1775.0 1927.0 3675.0
-1775.0 1882.0 3645.0
-1800.0 1840.0 3620.0
-1790.0 1877.0 3615.0
-1795.0 1860.0 3625.0
-1650.0 1830.0 3640.0
-1650.0 1917.0 3700.0
-1680.0 1917.0 3645.0
-1670.0 1937.0 3645.0
-1695.0 1990.0 3640.0
-1695.0 1942.0 3675.0
-1695.0 1937.0 3595.0
-1745.0 1907.0 3605.0
-1750.0 1985.0 3595.0
-1720.0 1947.0 3590.0
-1725.0 1985.0 3580.0
-1755.0 1990.0 3540.0
-1990.0 1570.0 3620.0
-1995.0 1650.0 3615.0
-2080.0 1600.0 3620.0
-2115.0 1562.0 3600.0
-2005.0 1425.0 3725.0
-2005.0 1492.0 3690.0
-2000.0 1360.0 3685.0
-2035.0 1355.0 3705.0
-1975.0 1410.0 3790.0
-2060.0 1395.0 3775.0
-2100.0 1487.0 3857.0
-2075.0 1547.0 3882.0
-1835.0 1430.0 4087.0
-1775.0 1462.0 4022.0
-1810.0 1492.0 3977.0
-1825.0 1472.0 3977.0
-1580.0 1312.0 4190.0
-1755.0 1410.0 4092.0
-1715.0 1312.0 4127.0
-1660.0 1322.0 4160.0
-1705.0 1245.0 4140.0
-1735.0 1230.0 4185.0
-1685.0 1122.0 4240.0
-1660.0 1092.0 4215.0
-1540.0 1052.0 4385.0
-1525.0 995.0 4375.0
-1550.0 960.0 4420.0
-1485.0 940.0 4487.0
-1330.0 790.0 4577.0
-1340.0 775.0 4547.0
-870.0 560.0 4742.0
-820.0 600.0 4770.0
-870.0 632.0 4780.0
-815.0 590.0 4820.0
-845.0 605.0 4805.0
-820.0 560.0 4795.0
-820.0 540.0 4770.0
-820.0 585.0 4785.0
-835.0 545.0 4795.0
-850.0 530.0 4850.0
-865.0 530.0 4870.0
-850.0 512.0 4815.0
-835.0 530.0 4785.0
-865.0 545.0 4790.0
-840.0 520.0 4800.0
-825.0 492.0 4910.0
-785.0 525.0 4830.0
-745.0 580.0 4850.0
-820.0 580.0 4845.0
-850.0 550.0 4870.0
-1240.0 667.0 4637.0
-1260.0 672.0 4617.0
-1295.0 637.0 4672.0
-1315.0 657.0 4602.0
-1340.0 677.0 4577.0
-1335.0 652.0 4572.0
-1250.0 647.0 4642.0
-1295.0 625.0 4622.0
-1270.0 590.0 4612.0
-1265.0 600.0 4612.0
-1275.0 555.0 4617.0
-1225.0 545.0 4672.0
-1155.0 502.0 4687.0
-1170.0 497.0 4712.0
-1195.0 512.0 4712.0
-1200.0 540.0 4727.0
-1175.0 512.0 4617.0
-1190.0 555.0 4617.0
-1160.0 530.0 4687.0
-1185.0 565.0 4667.0
-1190.0 507.0 4702.0
-1165.0 477.0 4712.0
-1105.0 517.0 4712.0
-1090.0 507.0 4712.0
-1015.0 502.0 4765.0
-895.0 487.0 4795.0
-850.0 477.0 4805.0
-840.0 477.0 4815.0
-1020.0 575.0 4707.0
-965.0 545.0 4737.0
-935.0 530.0 4815.0
-950.0 545.0 4762.0
-985.0 545.0 4747.0
-1085.0 595.0 4667.0
-1315.0 745.0 4602.0
-1360.0 662.0 4592.0
-1235.0 605.0 4662.0
-1275.0 627.0 4632.0
-1245.0 687.0 4682.0
-1265.0 667.0 4592.0
-1275.0 610.0 4572.0
-1280.0 570.0 4582.0
-1275.0 560.0 4522.0
-1245.0 570.0 4567.0
-1315.0 642.0 4557.0
-1355.0 615.0 4557.0
-1370.0 600.0 4567.0
-1335.0 632.0 4597.0
-1315.0 627.0 4612.0
-1330.0 625.0 4597.0
-1135.0 355.0 4742.0
-980.0 237.0 4785.0
-1425.0 482.0 4577.0
-1405.0 390.0 4607.0
-1445.0 452.0 4542.0
-1465.0 457.0 4572.0
-1445.0 432.0 4602.0
-1415.0 437.0 4617.0
-1420.0 442.0 4567.0
-1325.0 422.0 4627.0
-1360.0 432.0 4667.0
-1385.0 447.0 4617.0
-1480.0 447.0 4622.0
-1410.0 415.0 4612.0
-1405.0 415.0 4622.0
-1440.0 390.0 4637.0
-1405.0 360.0 4617.0
-1410.0 335.0 4617.0
-1350.0 335.0 4617.0
-1330.0 340.0 4582.0
-1260.0 330.0 4592.0
-1315.0 320.0 4637.0
-1300.0 360.0 4732.0
-1295.0 345.0 4707.0
-1320.0 302.0 4657.0
-1300.0 287.0 4652.0
-1300.0 277.0 4657.0
-1325.0 320.0 4647.0
-1315.0 320.0 4622.0
-1235.0 302.0 4672.0
-1265.0 312.0 4692.0
-1285.0 277.0 4667.0
-1235.0 262.0 4762.0
-1245.0 312.0 4722.0
-1235.0 330.0 4722.0
-1250.0 320.0 4702.0
-1280.0 282.0 4672.0
-1260.0 262.0 4692.0
-1260.0 287.0 4697.0
-1225.0 272.0 4657.0
-1250.0 297.0 4722.0
-1230.0 302.0 4692.0
-1190.0 277.0 4692.0
-1190.0 292.0 4737.0
-1170.0 360.0 4742.0
-1175.0 355.0 4785.0
-1245.0 277.0 4687.0
-1260.0 272.0 4732.0
-1230.0 272.0 4692.0
-1220.0 267.0 4702.0
-1470.0 150.0 4597.0
-1545.0 82.0 4582.0
-1480.0 155.0 4632.0
-1470.0 155.0 4637.0
-1405.0 92.0 4632.0
-1430.0 115.0 4632.0
-1450.0 145.0 4682.0
-1450.0 102.0 4687.0
-1365.0 67.0 4672.0
-1375.0 77.0 4672.0
-1340.0 77.0 4717.0
-1320.0 77.0 4722.0
-1350.0 130.0 4722.0
-1340.0 115.0 4697.0
-1315.0 92.0 4727.0
-1290.0 170.0 4762.0
-1320.0 165.0 4702.0
-1345.0 150.0 4647.0
-1270.0 212.0 4687.0
-1255.0 140.0 4727.0
-1300.0 120.0 4692.0
-1295.0 102.0 4742.0
-1275.0 92.0 4747.0
-1240.0 92.0 4702.0
-1215.0 22.0 4762.0
-1160.0 42.0 4747.0
-1250.0 82.0 4752.0
-1195.0 82.0 4752.0
-1255.0 52.0 4747.0
-1270.0 52.0 4795.0
-1225.0 52.0 4747.0
-1230.0 7.0 4752.0
-1190.0 42.0 4747.0
-1260.0 22.0 4722.0
-1235.0 27.0 4737.0
-1210.0 17.0 4762.0
-1150.0 62.0 4770.0
-1155.0 22.0 4727.0
-1240.0 37.0 4805.0
-1215.0 32.0 4800.0
-1260.0 22.0 4752.0
-1240.0 27.0 4747.0
-1290.0 2.0 4727.0
-1310.0 17.0 4707.0
-1295.0 27.0 4737.0
-1260.0 32.0 4682.0
-1315.0 17.0 4697.0
-1335.0 7.0 4702.0
-1210.0 22.0 4722.0
-1245.0 7.0 4762.0
-2675.0 -150.0 4200.0
-2650.0 -102.0 4195.0
-2580.0 -120.0 4240.0
-2575.0 -130.0 4195.0
-2615.0 -155.0 4185.0
-2640.0 -212.0 4155.0
-2640.0 -207.0 4215.0
-2590.0 -212.0 4250.0
-2590.0 -207.0 4265.0
-2605.0 -272.0 4285.0
-2600.0 -302.0 4300.0
-2665.0 -320.0 4265.0
-2665.0 -320.0 4210.0
-2645.0 -272.0 4200.0
-2690.0 -360.0 4185.0
-2695.0 -267.0 4122.0
-2585.0 -205.0 4160.0
-2650.0 -257.0 4235.0
-2680.0 -247.0 4280.0
-2625.0 -232.0 4205.0
-2650.0 -292.0 4190.0
-2685.0 -302.0 4245.0
-2670.0 -315.0 4250.0
-2655.0 -277.0 4235.0
-2685.0 -320.0 4155.0
-2660.0 -345.0 4185.0
-2665.0 -370.0 4210.0
-2680.0 -410.0 4165.0
-2655.0 -442.0 4210.0
-2685.0 -400.0 4175.0
-2720.0 -447.0 4240.0
-2705.0 -462.0 4245.0
-2780.0 -452.0 4145.0
-2800.0 -462.0 4180.0
-2685.0 -380.0 4135.0
-2785.0 -447.0 4112.0
-2800.0 -472.0 4087.0
-2820.0 -487.0 4097.0
-2810.0 -390.0 4077.0
-2885.0 -340.0 4037.0
-2945.0 -365.0 4047.0
-2960.0 -437.0 4022.0
-2895.0 -385.0 4042.0
-2890.0 -410.0 4012.0
-2895.0 -410.0 3992.0
-2995.0 -447.0 4022.0
-2885.0 -410.0 3992.0
-2935.0 -417.0 3997.0
-2900.0 -395.0 4007.0
-2875.0 -355.0 4037.0
-2400.0 -857.0 4425.0
-2395.0 -857.0 4375.0
-2485.0 -800.0 4440.0
-2570.0 -707.0 4335.0
-2475.0 -810.0 4350.0
-2515.0 -770.0 4320.0
-2460.0 -740.0 4305.0
-2475.0 -672.0 4345.0
-2455.0 -605.0 4290.0
-2405.0 -482.0 4390.0
-2410.0 -627.0 4345.0
-2475.0 -652.0 4350.0
-2480.0 -692.0 4360.0
-2480.0 -697.0 4380.0
-2525.0 -662.0 4320.0
-2570.0 -740.0 4260.0
-2520.0 -775.0 4255.0
-2555.0 -760.0 4305.0
-2550.0 -825.0 4210.0
-2525.0 -785.0 4335.0
-2535.0 -775.0 4300.0
-2530.0 -800.0 4275.0
-2450.0 -702.0 4440.0
-2465.0 -712.0 4445.0
-2510.0 -832.0 4345.0
-2540.0 -815.0 4325.0
-2520.0 -842.0 4325.0
-2515.0 -842.0 4350.0
-2545.0 -842.0 4275.0
-2535.0 -825.0 4290.0
-2445.0 -832.0 4360.0
-2490.0 -815.0 4345.0
-2485.0 -830.0 4310.0
-2490.0 -805.0 4310.0
-2490.0 -785.0 4350.0
-2515.0 -837.0 4370.0
-2465.0 -877.0 4370.0
-2495.0 -867.0 4370.0
-2455.0 -847.0 4325.0
-2485.0 -877.0 4325.0
-2520.0 -847.0 4395.0
-2510.0 -780.0 4325.0
-2455.0 -795.0 4300.0
-2420.0 -770.0 4295.0
-2550.0 -800.0 4315.0
-2505.0 -785.0 4310.0
-2505.0 -770.0 4360.0
-2530.0 -800.0 4370.0
-2525.0 -805.0 4385.0
-2535.0 -825.0 4310.0
-2150.0 -1205.0 4622.0
-2055.0 -1175.0 4622.0
-2040.0 -1127.0 4592.0
-2100.0 -1042.0 4627.0
-2075.0 -1052.0 4667.0
-2135.0 -1072.0 4582.0
-2165.0 -1035.0 4532.0
-2135.0 -955.0 4552.0
-2180.0 -940.0 4607.0
-2120.0 -892.0 4582.0
-2190.0 -960.0 4567.0
-2125.0 -1025.0 4562.0
-2165.0 -985.0 4622.0
-2155.0 -980.0 4547.0
-2200.0 -1025.0 4507.0
-2170.0 -1005.0 4517.0
-2195.0 -1000.0 4547.0
-2245.0 -960.0 4517.0
-2310.0 -897.0 4487.0
-2280.0 -990.0 4457.0
-2290.0 -1005.0 4492.0
-2250.0 -877.0 4477.0
-2305.0 -907.0 4445.0
-2360.0 -917.0 4482.0
-2395.0 -932.0 4512.0
-2370.0 -922.0 4457.0
-2415.0 -902.0 4447.0
-2430.0 -902.0 4435.0
-2415.0 -897.0 4400.0
-2410.0 -897.0 4410.0
-2360.0 -882.0 4350.0
-2395.0 -877.0 4380.0
-2355.0 -912.0 4375.0
-2385.0 -922.0 4420.0
-2390.0 -975.0 4395.0
-2380.0 -937.0 4405.0
-2345.0 -912.0 4487.0
-2290.0 -887.0 4492.0
-2390.0 -902.0 4447.0
-2405.0 -902.0 4435.0
-2350.0 -897.0 4415.0
-2430.0 -922.0 4405.0
-2355.0 -940.0 4415.0
-2325.0 -862.0 4472.0
-2320.0 -882.0 4440.0
-2380.0 -932.0 4420.0
-2345.0 -917.0 4457.0
-2375.0 -917.0 4482.0
-2370.0 -940.0 4457.0
-2415.0 -940.0 4472.0
-2000.0 -1672.0 4577.0
-2010.0 -1585.0 4582.0
-2005.0 -1630.0 4597.0
-1865.0 -1537.0 4702.0
-1850.0 -1522.0 4672.0
-1765.0 -1390.0 4775.0
-1785.0 -1425.0 4835.0
-1885.0 -1410.0 4717.0
-1860.0 -1425.0 4742.0
-1890.0 -1492.0 4780.0
-1900.0 -1547.0 4697.0
-1880.0 -1527.0 4672.0
-1865.0 -1552.0 4707.0
-1900.0 -1552.0 4647.0
-1850.0 -1457.0 4652.0
-1880.0 -1472.0 4647.0
-1885.0 -1517.0 4667.0
-1865.0 -1517.0 4672.0
-1915.0 -1472.0 4712.0
-1895.0 -1457.0 4672.0
-1895.0 -1400.0 4682.0
-1875.0 -1435.0 4702.0
-1885.0 -1487.0 4707.0
-1880.0 -1425.0 4667.0
-1925.0 -1552.0 4672.0
-1945.0 -1562.0 4657.0
-1980.0 -1477.0 4602.0
-2000.0 -1467.0 4682.0
-2020.0 -1445.0 4662.0
-1975.0 -1497.0 4612.0
-2020.0 -1415.0 4612.0
-2020.0 -1347.0 4637.0
-1995.0 -1322.0 4632.0
-2015.0 -1385.0 4637.0
-2055.0 -1390.0 4567.0
-2075.0 -1440.0 4577.0
-2085.0 -1435.0 4582.0
-2045.0 -1410.0 4647.0
-2060.0 -1445.0 4617.0
-2025.0 -1445.0 4587.0
-2035.0 -1440.0 4627.0
-1990.0 -1410.0 4632.0
-2110.0 -1415.0 4607.0
-2140.0 -1400.0 4597.0
-2150.0 -1497.0 4572.0
-2105.0 -1450.0 4562.0
-2085.0 -1370.0 4592.0
-2050.0 -1390.0 4577.0
-2105.0 -1410.0 4562.0
-2095.0 -1420.0 4562.0
-1590.0 -1390.0 4905.0
-1775.0 -2020.0 4712.0
-1755.0 -2065.0 4717.0
-1730.0 -2060.0 4667.0
-1760.0 -2065.0 4657.0
-1810.0 -2070.0 4722.0
-1950.0 -1980.0 4642.0
-1975.0 -1995.0 4567.0
-1815.0 -1990.0 4657.0
-1695.0 -1932.0 4702.0
-1640.0 -1942.0 4682.0
-1665.0 -1942.0 4692.0
-1745.0 -1850.0 4762.0
-1770.0 -1877.0 4672.0
-1810.0 -1855.0 4672.0
-1830.0 -1860.0 4682.0
-1855.0 -1825.0 4742.0
-1830.0 -1860.0 4702.0
-1900.0 -1882.0 4582.0
-1880.0 -1845.0 4647.0
-1775.0 -1850.0 4662.0
-1755.0 -1860.0 4662.0
-1795.0 -1957.0 4642.0
-1810.0 -1937.0 4592.0
-1785.0 -1977.0 4637.0
-1750.0 -1947.0 4687.0
-1760.0 -1932.0 4652.0
-1765.0 -1995.0 4672.0
-1765.0 -1995.0 4707.0
-1735.0 -1962.0 4737.0
-1720.0 -2035.0 4647.0
-1905.0 -2260.0 4467.0
-1915.0 -2220.0 4502.0
-1870.0 -2142.0 4532.0
-1830.0 -2152.0 4582.0
-1830.0 -2117.0 4642.0
-1875.0 -2020.0 4582.0
-1765.0 -2025.0 4607.0
-1860.0 -2020.0 4587.0
-1870.0 -1947.0 4612.0
-1835.0 -1952.0 4627.0
-1800.0 -1902.0 4642.0
-1705.0 -1845.0 4642.0
-1785.0 -1870.0 4637.0
-1780.0 -1870.0 4657.0
-1830.0 -1870.0 4742.0
-1795.0 -1860.0 4717.0
-1840.0 -1877.0 4667.0
-1890.0 -1830.0 4597.0
-1795.0 -1835.0 4642.0
-1420.0 -1907.0 4940.0
-1435.0 -1897.0 4950.0
-1275.0 -2195.0 4925.0
-1550.0 -2092.0 4785.0
-1340.0 -1610.0 4970.0
-1355.0 -2342.0 4757.0
-1375.0 -2352.0 4775.0
-1385.0 -2332.0 4765.0
-1370.0 -2342.0 4835.0
-1440.0 -2280.0 4732.0
-1650.0 -2082.0 4692.0
-1565.0 -2137.0 4780.0
-1600.0 -2117.0 4727.0
-1635.0 -2152.0 4727.0
-1655.0 -2162.0 4747.0
-1670.0 -2167.0 4677.0
-1565.0 -2092.0 4722.0
-1575.0 -2127.0 4732.0
-1620.0 -2152.0 4732.0
-1605.0 -2132.0 4790.0
-1640.0 -2182.0 4687.0
-1615.0 -2240.0 4682.0
-1660.0 -2270.0 4717.0
-1605.0 -2292.0 4682.0
-1655.0 -2280.0 4687.0
-1690.0 -2265.0 4617.0
-1620.0 -2235.0 4642.0
-1630.0 -2225.0 4617.0
-1690.0 -2177.0 4592.0
-1700.0 -2172.0 4602.0
-1720.0 -2167.0 4707.0
-1685.0 -2142.0 4702.0
-1715.0 -2162.0 4687.0
-1705.0 -2220.0 4662.0
-1745.0 -2285.0 4652.0
-1750.0 -2245.0 4612.0
-1710.0 -2195.0 4607.0
-1720.0 -2225.0 4612.0
-1720.0 -2097.0 4717.0
-1690.0 -2075.0 4612.0
-1690.0 -2082.0 4617.0
-1660.0 -2117.0 4697.0
-1680.0 -2117.0 4737.0
-1740.0 -2152.0 4712.0
-1710.0 -2137.0 4672.0
-1655.0 -2137.0 4692.0
-1715.0 -2157.0 4612.0
-1735.0 -2182.0 4627.0
-1715.0 -2182.0 4657.0
-1710.0 -2187.0 4632.0
-860.0 -2357.0 4975.0
-945.0 -2275.0 4970.0
-950.0 -2132.0 5055.0
-1200.0 -2177.0 4925.0
-1230.0 -2260.0 4950.0
-1025.0 -2480.0 4950.0
-975.0 -2670.0 4925.0
-980.0 -2495.0 4930.0
-880.0 -2055.0 5097.0
-930.0 -1967.0 5157.0
-865.0 -2000.0 5137.0
-915.0 -2080.0 5030.0
-985.0 -2322.0 4985.0
-1025.0 -2327.0 4945.0
-1135.0 -2317.0 4910.0
-1200.0 -2357.0 4805.0
-1200.0 -2357.0 4810.0
-1175.0 -2322.0 4875.0
-1155.0 -2297.0 4890.0
-1165.0 -2352.0 4855.0
-1205.0 -2322.0 4905.0
-1160.0 -2280.0 4840.0
-1225.0 -2405.0 4840.0
-1250.0 -2352.0 4835.0
-1275.0 -2312.0 4875.0
-1265.0 -2297.0 4850.0
-1260.0 -2347.0 4742.0
-1310.0 -2327.0 4820.0
-1305.0 -2367.0 4860.0
-1320.0 -2307.0 4840.0
-1295.0 -2317.0 4810.0
-1250.0 -2307.0 4800.0
-1270.0 -2297.0 4870.0
-1300.0 -2292.0 4835.0
-1305.0 -2480.0 4672.0
-1325.0 -2450.0 4717.0
-1350.0 -2392.0 4810.0
-1330.0 -2357.0 4845.0
-1330.0 -2395.0 4820.0
-1310.0 -2405.0 4732.0
-1285.0 -2392.0 4770.0
-1270.0 -2415.0 4752.0
-1340.0 -2440.0 4780.0
-1270.0 -2420.0 4800.0
-1275.0 -2460.0 4692.0
-1315.0 -2435.0 4647.0
-1350.0 -2465.0 4722.0
-1380.0 -2470.0 4785.0
-1285.0 -2465.0 4717.0
-1345.0 -2410.0 4747.0
-640.0 -2357.0 5025.0
-650.0 -2425.0 4990.0
-730.0 -2802.0 4915.0
-675.0 -2787.0 4885.0
-500.0 -2732.0 4975.0
-510.0 -2517.0 5030.0
-505.0 -2557.0 5060.0
-555.0 -2557.0 5030.0
-455.0 -2475.0 5050.0
-465.0 -2480.0 5050.0
-560.0 -2532.0 5060.0
-585.0 -2542.0 5055.0
-500.0 -2562.0 5055.0
-480.0 -2562.0 5092.0
-485.0 -2572.0 5045.0
-545.0 -2630.0 5040.0
-535.0 -2665.0 5000.0
-605.0 -2690.0 5000.0
-580.0 -2635.0 5065.0
-550.0 -2650.0 5025.0
-530.0 -2670.0 4950.0
-550.0 -2650.0 4940.0
-600.0 -2587.0 4975.0
-590.0 -2605.0 4990.0
-595.0 -2582.0 4965.0
-570.0 -2587.0 4990.0
-630.0 -2592.0 5055.0
-620.0 -2605.0 5045.0
-520.0 -2640.0 5055.0
-535.0 -2587.0 5030.0
-515.0 -2577.0 5070.0
-515.0 -2602.0 5045.0
-540.0 -2630.0 4990.0
-520.0 -2602.0 4995.0
-535.0 -2597.0 4990.0
-600.0 -2557.0 4980.0
-545.0 -2577.0 4985.0
-520.0 -2562.0 5015.0
-520.0 -2562.0 5092.0
-475.0 -2602.0 5080.0
-525.0 -2615.0 5030.0
-480.0 -2610.0 5030.0
-495.0 -2610.0 5050.0
-510.0 -2592.0 4945.0
-485.0 -2597.0 5035.0
-460.0 -2597.0 5045.0
-510.0 -2577.0 5060.0
-480.0 -2592.0 5025.0
-480.0 -2597.0 4995.0
-505.0 -2577.0 5122.0
-180.0 -3187.0 4752.0
-185.0 -3132.0 4855.0
-65.0 -2905.0 4995.0
-10.0 -2777.0 5075.0
-45.0 -2680.0 5132.0
-40.0 -2752.0 5070.0
-20.0 -2777.0 5050.0
-135.0 -2620.0 5137.0
-385.0 -2517.0 5070.0
-415.0 -2855.0 4930.0
-335.0 -2910.0 4895.0
-320.0 -2830.0 4930.0
-365.0 -2797.0 4940.0
-330.0 -2767.0 4990.0
-330.0 -2812.0 4980.0
-445.0 -2802.0 4995.0
-420.0 -2820.0 4975.0
-395.0 -2860.0 4975.0
-445.0 -2860.0 4900.0
-435.0 -2722.0 4935.0
-445.0 -2707.0 4955.0
-395.0 -2722.0 5010.0
-370.0 -2695.0 4990.0
-320.0 -2707.0 4960.0
-355.0 -2690.0 5030.0
-345.0 -2610.0 4995.0
-385.0 -2625.0 5005.0
-335.0 -2680.0 4980.0
-385.0 -2582.0 5035.0
-395.0 -2557.0 5055.0
-325.0 -2620.0 5045.0
-320.0 -2640.0 5035.0
-275.0 -2680.0 5050.0
-230.0 -2675.0 5050.0
-265.0 -2732.0 5000.0
-240.0 -2707.0 4990.0
-270.0 -2732.0 5030.0
-260.0 -2737.0 5020.0
-220.0 -2690.0 5015.0
-230.0 -2722.0 5005.0
-245.0 -2675.0 5060.0
-170.0 -2722.0 5030.0
-5.0 -2820.0 5010.0
-80.0 -2910.0 4960.0
-165.0 -2885.0 4960.0
-240.0 -2900.0 4905.0
-245.0 -2947.0 4830.0
-165.0 -2972.0 4875.0
-125.0 -2885.0 4940.0
-120.0 -2850.0 4990.0
575.0 -3540.0 4657.0
565.0 -3520.0 4667.0
30.0 -3212.0 4840.0
315.0 -3325.0 4815.0
135.0 -3582.0 4637.0
160.0 -3480.0 4687.0
65.0 -3547.0 4707.0
55.0 -3372.0 4747.0
190.0 -3440.0 4742.0
215.0 -3325.0 4820.0
370.0 -3217.0 4915.0
410.0 -3147.0 4900.0
520.0 -3290.0 4815.0
540.0 -3222.0 4900.0
505.0 -3255.0 4840.0
510.0 -3197.0 4895.0
545.0 -3137.0 4885.0
415.0 -3182.0 4905.0
365.0 -3235.0 4875.0
360.0 -3265.0 4865.0
385.0 -3285.0 4885.0
395.0 -3275.0 4875.0
400.0 -3250.0 4825.0
445.0 -3255.0 4830.0
420.0 -3265.0 4855.0
380.0 -3260.0 4810.0
410.0 -3290.0 4825.0
460.0 -3260.0 4780.0
410.0 -3270.0 4875.0
370.0 -3222.0 4860.0
435.0 -3240.0 4840.0
450.0 -3212.0 4825.0
440.0 -3240.0 4865.0
440.0 -3255.0 4835.0
420.0 -3255.0 4840.0
445.0 -3240.0 4820.0
480.0 -3255.0 4855.0
455.0 -3280.0 4860.0
465.0 -3230.0 4850.0
465.0 -3227.0 4850.0
460.0 -3230.0 4845.0
415.0 -3230.0 4905.0
445.0 -3202.0 4900.0
480.0 -3240.0 4900.0
455.0 -3230.0 4885.0
430.0 -3217.0 4865.0
415.0 -3315.0 4795.0
455.0 -3255.0 4770.0
535.0 -3245.0 4845.0
480.0 -3255.0 4870.0
1130.0 -3125.0 4905.0
960.0 -3552.0 4692.0
870.0 -3480.0 4762.0
920.0 -3520.0 4702.0
895.0 -3572.0 4642.0
890.0 -3607.0 4662.0
1100.0 -3617.0 4602.0
1160.0 -3627.0 4647.0
1185.0 -3612.0 4617.0
1180.0 -3637.0 4657.0
1055.0 -3557.0 4687.0
1040.0 -3547.0 4652.0
1105.0 -3510.0 4707.0
1150.0 -3587.0 4692.0
1100.0 -3577.0 4677.0
1180.0 -3562.0 4662.0
1215.0 -3597.0 4652.0
1170.0 -3622.0 4687.0
1115.0 -3645.0 4672.0
1115.0 -3612.0 4627.0
1100.0 -3587.0 4682.0
1025.0 -3547.0 4677.0
1040.0 -3582.0 4702.0
1025.0 -3540.0 4737.0
1000.0 -3485.0 4757.0
1060.0 -3440.0 4757.0
1130.0 -3455.0 4742.0
1170.0 -3572.0 4652.0
1220.0 -3607.0 4602.0
1245.0 -3582.0 4612.0
1270.0 -3627.0 4557.0
1160.0 -3552.0 4637.0
1185.0 -3612.0 4662.0
1160.0 -3535.0 4687.0
1165.0 -3525.0 4737.0
960.0 -3480.0 4800.0
1000.0 -3445.0 4775.0
1020.0 -3505.0 4722.0
1075.0 -3515.0 4775.0
1130.0 -3632.0 4707.0
1070.0 -3607.0 4647.0
1160.0 -3627.0 4647.0
1150.0 -3572.0 4642.0
1035.0 -3592.0 4687.0
1060.0 -3530.0 4702.0
860.0 -3402.0 4835.0
845.0 -3392.0 4805.0
705.0 -3535.0 4742.0
720.0 -3562.0 4682.0
710.0 -3547.0 4662.0
1805.0 -3290.0 4742.0
1460.0 -3177.0 4875.0
1165.0 -3075.0 4955.0
1290.0 -3105.0 4860.0
1335.0 -3132.0 4905.0
1435.0 -3245.0 4850.0
1485.0 -3275.0 4845.0
1430.0 -3255.0 4770.0
1480.0 -3270.0 4795.0
1390.0 -3285.0 4830.0
1480.0 -3320.0 4855.0
1500.0 -3280.0 4810.0
1565.0 -3300.0 4825.0
1590.0 -3362.0 4810.0
1555.0 -3280.0 4815.0
1635.0 -3342.0 4752.0
1660.0 -3377.0 4747.0
1690.0 -3357.0 4775.0
1640.0 -3352.0 4775.0
1800.0 -3402.0 4692.0
1795.0 -3367.0 4687.0
1820.0 -3440.0 4647.0
1695.0 -3412.0 4717.0
1700.0 -3450.0 4742.0
1750.0 -3402.0 4722.0
1795.0 -3437.0 4652.0
1785.0 -3480.0 4677.0
1800.0 -3422.0 4637.0
1770.0 -3445.0 4637.0
1805.0 -3402.0 4602.0
1810.0 -3445.0 4692.0
1730.0 -3450.0 4647.0
1730.0 -3432.0 4712.0
1755.0 -3382.0 4672.0
1735.0 -3387.0 4677.0
1650.0 -3347.0 4737.0
1720.0 -3402.0 4737.0
1715.0 -3270.0 4765.0
1665.0 -3310.0 4780.0
1675.0 -3255.0 4742.0
1710.0 -3260.0 4790.0
1755.0 -3332.0 4712.0
1760.0 -3332.0 4697.0
1705.0 -3342.0 4707.0
1700.0 -3330.0 4737.0
1785.0 -3332.0 4682.0
1690.0 -3320.0 4762.0
1685.0 -3295.0 4785.0
1690.0 -3275.0 4810.0
1705.0 -3310.0 4742.0
2445.0 -3007.0 4682.0
2460.0 -3055.0 4672.0
2375.0 -3045.0 4737.0
2320.0 -3110.0 4692.0
2340.0 -3085.0 4682.0
2305.0 -3020.0 4677.0
2360.0 -2972.0 4732.0
2375.0 -3025.0 4762.0
2330.0 -3050.0 4752.0
2350.0 -3055.0 4702.0
2395.0 -3095.0 4662.0
2385.0 -3095.0 4677.0
2375.0 -3132.0 4692.0
2400.0 -3115.0 4727.0
2425.0 -3100.0 4682.0
2385.0 -3050.0 4765.0
2385.0 -3095.0 4727.0
2320.0 -3075.0 4707.0
2430.0 -3125.0 4667.0
2390.0 -3095.0 4627.0
2405.0 -3105.0 4672.0
2400.0 -3095.0 4672.0
2445.0 -3132.0 4642.0
2455.0 -3105.0 4612.0
2420.0 -3070.0 4632.0
2435.0 -3050.0 4677.0
2395.0 -3030.0 4697.0
2410.0 -3025.0 4722.0
2400.0 -3040.0 4692.0
2380.0 -3110.0 4707.0
2515.0 -3132.0 4592.0
2540.0 -3105.0 4667.0
2625.0 -3137.0 4647.0
2600.0 -3147.0 4632.0
2540.0 -3167.0 4572.0
2400.0 -3250.0 4582.0
2350.0 -3255.0 4622.0
2360.0 -3260.0 4532.0
2220.0 -3255.0 4617.0
2190.0 -3265.0 4632.0
1960.0 -3222.0 4770.0
1915.0 -3187.0 4747.0
2140.0 -3450.0 4597.0
2275.0 -3455.0 4557.0
2465.0 -3332.0 4507.0
2235.0 -3320.0 4572.0
2100.0 -3372.0 4627.0
2085.0 -3270.0 4677.0
1970.0 -3230.0 4682.0
1970.0 -3197.0 4732.0
3670.0 -3110.0 3947.0
3570.0 -3325.0 3882.0
3600.0 -3342.0 3862.0
3595.0 -3367.0 3790.0
3625.0 -3392.0 3795.0
3585.0 -3392.0 3760.0
3625.0 -3402.0 3755.0
3625.0 -3402.0 3670.0
3635.0 -3402.0 3695.0
3550.0 -3075.0 4012.0
3540.0 -3120.0 4002.0
3485.0 -3177.0 3982.0
3495.0 -3182.0 3967.0
3510.0 -3197.0 3952.0
3570.0 -3157.0 3937.0
3555.0 -3090.0 4062.0
3560.0 -3040.0 4052.0
3620.0 -3050.0 4042.0
3610.0 -3125.0 4012.0
3620.0 -3120.0 4037.0
3430.0 -3100.0 4170.0
3420.0 -3132.0 4240.0
2475.0 -2215.0 5060.0
2390.0 -2215.0 5025.0
2340.0 -2337.0 4910.0
2445.0 -2440.0 4880.0
2720.0 -2517.0 4860.0
2790.0 -2532.0 4815.0
2835.0 -2547.0 4742.0
2940.0 -2547.0 4732.0
2835.0 -2440.0 4785.0
2870.0 -2455.0 4790.0
2790.0 -2557.0 4770.0
2760.0 -2577.0 4770.0
2780.0 -2620.0 4775.0
2735.0 -2630.0 4780.0
2710.0 -2690.0 4805.0
2775.0 -2660.0 4762.0
2830.0 -2685.0 4727.0
2775.0 -2620.0 4682.0
2855.0 -2690.0 4752.0
2895.0 -2690.0 4712.0
2835.0 -2635.0 4707.0
2870.0 -2620.0 4747.0
2810.0 -2670.0 4697.0
2820.0 -2660.0 4707.0
2805.0 -2640.0 4800.0
2835.0 -2660.0 4770.0
2795.0 -2650.0 4727.0
2820.0 -2615.0 4737.0
3690.0 -2245.0 4467.0
3650.0 -2507.0 4320.0
3675.0 -2650.0 4310.0
3545.0 -2905.0 4280.0
3600.0 -2840.0 4290.0
4165.0 -2410.0 3872.0
4120.0 -2450.0 3917.0
4130.0 -2502.0 3987.0
4150.0 -2495.0 3922.0
4050.0 -2512.0 3942.0
4095.0 -2502.0 3892.0
4150.0 -2512.0 3917.0
4130.0 -2490.0 3927.0
4145.0 -2485.0 3912.0
4150.0 -2415.0 3892.0
4170.0 -2420.0 3827.0
4160.0 -2507.0 3872.0
3970.0 -2675.0 3947.0
3870.0 -2732.0 3942.0
3740.0 -2967.0 3927.0
4215.0 -2972.0 3575.0
4215.0 -2782.0 3635.0
4305.0 -2630.0 3700.0
4270.0 -2655.0 3770.0
4185.0 -2675.0 3765.0
4175.0 -2707.0 3800.0
4145.0 -2650.0 3882.0
4110.0 -2532.0 3917.0
3995.0 -2307.0 4047.0
3985.0 -2307.0 4052.0
4000.0 -2322.0 4082.0
3950.0 -2557.0 4017.0
3915.0 -2517.0 4022.0
3970.0 -2517.0 3957.0
3935.0 -2572.0 3977.0
3955.0 -2557.0 3997.0
3945.0 -2527.0 4047.0
3910.0 -2517.0 4057.0
3880.0 -2522.0 4032.0
3920.0 -2562.0 4047.0
3915.0 -2532.0 4077.0
3885.0 -2517.0 4072.0
3930.0 -2547.0 4022.0
3990.0 -2450.0 4117.0
4010.0 -2460.0 4007.0
3940.0 -2445.0 4087.0
3985.0 -2507.0 4042.0
3915.0 -2455.0 4047.0
3885.0 -2507.0 4007.0
3865.0 -2502.0 4012.0
3960.0 -1472.0 4415.0
3760.0 -2050.0 4477.0
4460.0 -1635.0 3867.0
4360.0 -1785.0 3872.0
4310.0 -1952.0 3952.0
4345.0 -2005.0 3962.0
4325.0 -1985.0 3947.0
4350.0 -2040.0 3927.0
4360.0 -2010.0 3907.0
4330.0 -2035.0 3872.0
4325.0 -2045.0 3822.0
4310.0 -2097.0 3877.0
4235.0 -2112.0 3952.0
4240.0 -2187.0 3902.0
4260.0 -2162.0 3922.0
4295.0 -2097.0 3917.0
4280.0 -2167.0 3917.0
4265.0 -2255.0 3907.0
4255.0 -2245.0 3972.0
4255.0 -2230.0 3962.0
4245.0 -2240.0 3912.0
4210.0 -2210.0 3912.0
4265.0 -2260.0 3922.0
4205.0 -2250.0 3907.0
4215.0 -2362.0 3882.0
4190.0 -2382.0 3867.0
4085.0 -2235.0 4027.0
4115.0 -2187.0 4012.0
4110.0 -2112.0 4017.0
4140.0 -2117.0 4022.0
4120.0 -2162.0 3992.0
4145.0 -2152.0 4042.0
4160.0 -2147.0 4052.0
4205.0 -2117.0 4007.0
4140.0 -2167.0 4027.0
4080.0 -2187.0 4077.0
4060.0 -2215.0 4087.0
4015.0 -2265.0 4072.0
4005.0 -2260.0 4097.0
4075.0 -2342.0 4097.0
4065.0 -2337.0 4057.0
3970.0 -2210.0 4102.0
3990.0 -2245.0 4092.0
4005.0 -2220.0 4097.0
3980.0 -2265.0 4102.0
3995.0 -2270.0 4097.0
4015.0 -2280.0 4112.0
4020.0 -2235.0 4062.0
4010.0 -2245.0 4052.0
4040.0 -2215.0 4087.0
3875.0 -1205.0 4522.0
3965.0 -1262.0 4472.0
3990.0 -1450.0 4467.0
4040.0 -1462.0 4447.0
4090.0 -722.0 4400.0
4105.0 -867.0 4360.0
3995.0 -1272.0 4425.0
4085.0 -1435.0 4410.0
4095.0 -1127.0 4452.0
4335.0 -1005.0 4122.0
4210.0 -1532.0 4122.0
4395.0 -1400.0 4102.0
4385.0 -1352.0 4072.0
4250.0 -1492.0 4097.0
4225.0 -1502.0 4140.0
4305.0 -1472.0 4097.0
4345.0 -1415.0 4130.0
4315.0 -1360.0 4107.0
4350.0 -1302.0 4097.0
4400.0 -1287.0 4082.0
4395.0 -1252.0 4082.0
4490.0 -1142.0 3987.0
4540.0 -1137.0 3987.0
4515.0 -1127.0 4002.0
4495.0 -1160.0 4022.0
4445.0 -1205.0 4062.0
4465.0 -1235.0 4047.0
4455.0 -1190.0 3962.0
4455.0 -1180.0 3967.0
4370.0 -1312.0 4047.0
4445.0 -1267.0 4082.0
4410.0 -1245.0 4037.0
4395.0 -1210.0 4047.0
4535.0 -1145.0 3962.0
4485.0 -1127.0 4007.0
4620.0 -1067.0 3932.0
4660.0 -1102.0 3827.0
4560.0 -1112.0 3902.0
4535.0 -1132.0 3862.0
4545.0 -1225.0 3902.0
4510.0 -1180.0 3907.0
4565.0 -1175.0 3922.0
4555.0 -1185.0 3992.0
4500.0 -1195.0 3992.0
4530.0 -1215.0 4007.0
4580.0 -1195.0 3947.0
4580.0 -1170.0 3897.0
4665.0 -1127.0 3857.0
4675.0 -1077.0 3842.0
4730.0 -995.0 3790.0
3730.0 -145.0 4567.0
3750.0 -422.0 4567.0
4000.0 -272.0 4435.0
3950.0 -67.0 4497.0
3905.0 -57.0 4482.0
3965.0 -370.0 4467.0
3975.0 -417.0 4445.0
3960.0 -422.0 4487.0
4035.0 -525.0 4472.0
4020.0 -467.0 4467.0
4090.0 -405.0 4425.0
4110.0 -405.0 4457.0
4060.0 -452.0 4405.0
4075.0 -520.0 4477.0
4065.0 -530.0 4477.0
4055.0 -437.0 4502.0
4010.0 -200.0 4390.0
4035.0 -267.0 4435.0
3985.0 -325.0 4440.0
3995.0 -345.0 4435.0
4000.0 -385.0 4390.0
4050.0 -405.0 4400.0
4045.0 -432.0 4447.0
4030.0 -512.0 4462.0
4065.0 -487.0 4395.0
4105.0 -457.0 4415.0
4185.0 -400.0 4385.0
4155.0 -405.0 4375.0
4230.0 -267.0 4225.0
4320.0 -200.0 4205.0
4330.0 -267.0 4160.0
4270.0 -340.0 4245.0
4245.0 -385.0 4250.0
4290.0 -355.0 4205.0
4285.0 -325.0 4285.0
4250.0 -315.0 4280.0
4240.0 -282.0 4205.0
4245.0 -307.0 4195.0
4270.0 -302.0 4245.0
4255.0 -325.0 4310.0
4275.0 -252.0 4195.0
4305.0 -205.0 4145.0
4270.0 -242.0 4185.0
4270.0 -212.0 4145.0
4325.0 -62.0 4082.0
4290.0 -37.0 4127.0
4135.0 -185.0 4205.0
4025.0 -302.0 4305.0
4260.0 -47.0 4175.0
4240.0 -82.0 4155.0
